{
 "cells": [
  {
   "cell_type": "code",
   "execution_count": 319,
   "id": "efe2d66c",
   "metadata": {},
   "outputs": [],
   "source": [
    "import pandas as pd\n",
    "import matplotlib.pyplot as plt\n",
    "import seaborn as sns"
   ]
  },
  {
   "cell_type": "code",
   "execution_count": 320,
   "id": "e432d594",
   "metadata": {},
   "outputs": [],
   "source": [
    "df=pd.read_csv('bank.csv')"
   ]
  },
  {
   "cell_type": "code",
   "execution_count": 321,
   "id": "c9f42d51",
   "metadata": {},
   "outputs": [
    {
     "data": {
      "text/html": [
       "<div>\n",
       "<style scoped>\n",
       "    .dataframe tbody tr th:only-of-type {\n",
       "        vertical-align: middle;\n",
       "    }\n",
       "\n",
       "    .dataframe tbody tr th {\n",
       "        vertical-align: top;\n",
       "    }\n",
       "\n",
       "    .dataframe thead th {\n",
       "        text-align: right;\n",
       "    }\n",
       "</style>\n",
       "<table border=\"1\" class=\"dataframe\">\n",
       "  <thead>\n",
       "    <tr style=\"text-align: right;\">\n",
       "      <th></th>\n",
       "      <th>age</th>\n",
       "      <th>job</th>\n",
       "      <th>marital</th>\n",
       "      <th>education</th>\n",
       "      <th>default</th>\n",
       "      <th>balance</th>\n",
       "      <th>housing</th>\n",
       "      <th>loan</th>\n",
       "      <th>contact</th>\n",
       "      <th>day</th>\n",
       "      <th>month</th>\n",
       "      <th>duration</th>\n",
       "      <th>campaign</th>\n",
       "      <th>pdays</th>\n",
       "      <th>previous</th>\n",
       "      <th>poutcome</th>\n",
       "      <th>deposit</th>\n",
       "    </tr>\n",
       "  </thead>\n",
       "  <tbody>\n",
       "    <tr>\n",
       "      <th>0</th>\n",
       "      <td>59</td>\n",
       "      <td>admin.</td>\n",
       "      <td>married</td>\n",
       "      <td>secondary</td>\n",
       "      <td>no</td>\n",
       "      <td>2343</td>\n",
       "      <td>yes</td>\n",
       "      <td>no</td>\n",
       "      <td>unknown</td>\n",
       "      <td>5</td>\n",
       "      <td>may</td>\n",
       "      <td>1042</td>\n",
       "      <td>1</td>\n",
       "      <td>-1</td>\n",
       "      <td>0</td>\n",
       "      <td>unknown</td>\n",
       "      <td>yes</td>\n",
       "    </tr>\n",
       "    <tr>\n",
       "      <th>1</th>\n",
       "      <td>56</td>\n",
       "      <td>admin.</td>\n",
       "      <td>married</td>\n",
       "      <td>secondary</td>\n",
       "      <td>no</td>\n",
       "      <td>45</td>\n",
       "      <td>no</td>\n",
       "      <td>no</td>\n",
       "      <td>unknown</td>\n",
       "      <td>5</td>\n",
       "      <td>may</td>\n",
       "      <td>1467</td>\n",
       "      <td>1</td>\n",
       "      <td>-1</td>\n",
       "      <td>0</td>\n",
       "      <td>unknown</td>\n",
       "      <td>yes</td>\n",
       "    </tr>\n",
       "    <tr>\n",
       "      <th>2</th>\n",
       "      <td>41</td>\n",
       "      <td>technician</td>\n",
       "      <td>married</td>\n",
       "      <td>secondary</td>\n",
       "      <td>no</td>\n",
       "      <td>1270</td>\n",
       "      <td>yes</td>\n",
       "      <td>no</td>\n",
       "      <td>unknown</td>\n",
       "      <td>5</td>\n",
       "      <td>may</td>\n",
       "      <td>1389</td>\n",
       "      <td>1</td>\n",
       "      <td>-1</td>\n",
       "      <td>0</td>\n",
       "      <td>unknown</td>\n",
       "      <td>yes</td>\n",
       "    </tr>\n",
       "    <tr>\n",
       "      <th>3</th>\n",
       "      <td>55</td>\n",
       "      <td>services</td>\n",
       "      <td>married</td>\n",
       "      <td>secondary</td>\n",
       "      <td>no</td>\n",
       "      <td>2476</td>\n",
       "      <td>yes</td>\n",
       "      <td>no</td>\n",
       "      <td>unknown</td>\n",
       "      <td>5</td>\n",
       "      <td>may</td>\n",
       "      <td>579</td>\n",
       "      <td>1</td>\n",
       "      <td>-1</td>\n",
       "      <td>0</td>\n",
       "      <td>unknown</td>\n",
       "      <td>yes</td>\n",
       "    </tr>\n",
       "    <tr>\n",
       "      <th>4</th>\n",
       "      <td>54</td>\n",
       "      <td>admin.</td>\n",
       "      <td>married</td>\n",
       "      <td>tertiary</td>\n",
       "      <td>no</td>\n",
       "      <td>184</td>\n",
       "      <td>no</td>\n",
       "      <td>no</td>\n",
       "      <td>unknown</td>\n",
       "      <td>5</td>\n",
       "      <td>may</td>\n",
       "      <td>673</td>\n",
       "      <td>2</td>\n",
       "      <td>-1</td>\n",
       "      <td>0</td>\n",
       "      <td>unknown</td>\n",
       "      <td>yes</td>\n",
       "    </tr>\n",
       "  </tbody>\n",
       "</table>\n",
       "</div>"
      ],
      "text/plain": [
       "   age         job  marital  education default  balance housing loan  contact  \\\n",
       "0   59      admin.  married  secondary      no     2343     yes   no  unknown   \n",
       "1   56      admin.  married  secondary      no       45      no   no  unknown   \n",
       "2   41  technician  married  secondary      no     1270     yes   no  unknown   \n",
       "3   55    services  married  secondary      no     2476     yes   no  unknown   \n",
       "4   54      admin.  married   tertiary      no      184      no   no  unknown   \n",
       "\n",
       "   day month  duration  campaign  pdays  previous poutcome deposit  \n",
       "0    5   may      1042         1     -1         0  unknown     yes  \n",
       "1    5   may      1467         1     -1         0  unknown     yes  \n",
       "2    5   may      1389         1     -1         0  unknown     yes  \n",
       "3    5   may       579         1     -1         0  unknown     yes  \n",
       "4    5   may       673         2     -1         0  unknown     yes  "
      ]
     },
     "execution_count": 321,
     "metadata": {},
     "output_type": "execute_result"
    }
   ],
   "source": [
    "df.head()"
   ]
  },
  {
   "cell_type": "code",
   "execution_count": 322,
   "id": "a85b67b9",
   "metadata": {},
   "outputs": [
    {
     "data": {
      "text/html": [
       "<div>\n",
       "<style scoped>\n",
       "    .dataframe tbody tr th:only-of-type {\n",
       "        vertical-align: middle;\n",
       "    }\n",
       "\n",
       "    .dataframe tbody tr th {\n",
       "        vertical-align: top;\n",
       "    }\n",
       "\n",
       "    .dataframe thead th {\n",
       "        text-align: right;\n",
       "    }\n",
       "</style>\n",
       "<table border=\"1\" class=\"dataframe\">\n",
       "  <thead>\n",
       "    <tr style=\"text-align: right;\">\n",
       "      <th></th>\n",
       "      <th>age</th>\n",
       "      <th>job</th>\n",
       "      <th>marital</th>\n",
       "      <th>education</th>\n",
       "      <th>default</th>\n",
       "      <th>balance</th>\n",
       "      <th>housing</th>\n",
       "      <th>loan</th>\n",
       "      <th>contact</th>\n",
       "      <th>day</th>\n",
       "      <th>month</th>\n",
       "      <th>duration</th>\n",
       "      <th>campaign</th>\n",
       "      <th>pdays</th>\n",
       "      <th>previous</th>\n",
       "      <th>poutcome</th>\n",
       "      <th>deposit</th>\n",
       "    </tr>\n",
       "  </thead>\n",
       "  <tbody>\n",
       "    <tr>\n",
       "      <th>11157</th>\n",
       "      <td>33</td>\n",
       "      <td>blue-collar</td>\n",
       "      <td>single</td>\n",
       "      <td>primary</td>\n",
       "      <td>no</td>\n",
       "      <td>1</td>\n",
       "      <td>yes</td>\n",
       "      <td>no</td>\n",
       "      <td>cellular</td>\n",
       "      <td>20</td>\n",
       "      <td>apr</td>\n",
       "      <td>257</td>\n",
       "      <td>1</td>\n",
       "      <td>-1</td>\n",
       "      <td>0</td>\n",
       "      <td>unknown</td>\n",
       "      <td>no</td>\n",
       "    </tr>\n",
       "    <tr>\n",
       "      <th>11158</th>\n",
       "      <td>39</td>\n",
       "      <td>services</td>\n",
       "      <td>married</td>\n",
       "      <td>secondary</td>\n",
       "      <td>no</td>\n",
       "      <td>733</td>\n",
       "      <td>no</td>\n",
       "      <td>no</td>\n",
       "      <td>unknown</td>\n",
       "      <td>16</td>\n",
       "      <td>jun</td>\n",
       "      <td>83</td>\n",
       "      <td>4</td>\n",
       "      <td>-1</td>\n",
       "      <td>0</td>\n",
       "      <td>unknown</td>\n",
       "      <td>no</td>\n",
       "    </tr>\n",
       "    <tr>\n",
       "      <th>11159</th>\n",
       "      <td>32</td>\n",
       "      <td>technician</td>\n",
       "      <td>single</td>\n",
       "      <td>secondary</td>\n",
       "      <td>no</td>\n",
       "      <td>29</td>\n",
       "      <td>no</td>\n",
       "      <td>no</td>\n",
       "      <td>cellular</td>\n",
       "      <td>19</td>\n",
       "      <td>aug</td>\n",
       "      <td>156</td>\n",
       "      <td>2</td>\n",
       "      <td>-1</td>\n",
       "      <td>0</td>\n",
       "      <td>unknown</td>\n",
       "      <td>no</td>\n",
       "    </tr>\n",
       "    <tr>\n",
       "      <th>11160</th>\n",
       "      <td>43</td>\n",
       "      <td>technician</td>\n",
       "      <td>married</td>\n",
       "      <td>secondary</td>\n",
       "      <td>no</td>\n",
       "      <td>0</td>\n",
       "      <td>no</td>\n",
       "      <td>yes</td>\n",
       "      <td>cellular</td>\n",
       "      <td>8</td>\n",
       "      <td>may</td>\n",
       "      <td>9</td>\n",
       "      <td>2</td>\n",
       "      <td>172</td>\n",
       "      <td>5</td>\n",
       "      <td>failure</td>\n",
       "      <td>no</td>\n",
       "    </tr>\n",
       "    <tr>\n",
       "      <th>11161</th>\n",
       "      <td>34</td>\n",
       "      <td>technician</td>\n",
       "      <td>married</td>\n",
       "      <td>secondary</td>\n",
       "      <td>no</td>\n",
       "      <td>0</td>\n",
       "      <td>no</td>\n",
       "      <td>no</td>\n",
       "      <td>cellular</td>\n",
       "      <td>9</td>\n",
       "      <td>jul</td>\n",
       "      <td>628</td>\n",
       "      <td>1</td>\n",
       "      <td>-1</td>\n",
       "      <td>0</td>\n",
       "      <td>unknown</td>\n",
       "      <td>no</td>\n",
       "    </tr>\n",
       "  </tbody>\n",
       "</table>\n",
       "</div>"
      ],
      "text/plain": [
       "       age          job  marital  education default  balance housing loan  \\\n",
       "11157   33  blue-collar   single    primary      no        1     yes   no   \n",
       "11158   39     services  married  secondary      no      733      no   no   \n",
       "11159   32   technician   single  secondary      no       29      no   no   \n",
       "11160   43   technician  married  secondary      no        0      no  yes   \n",
       "11161   34   technician  married  secondary      no        0      no   no   \n",
       "\n",
       "        contact  day month  duration  campaign  pdays  previous poutcome  \\\n",
       "11157  cellular   20   apr       257         1     -1         0  unknown   \n",
       "11158   unknown   16   jun        83         4     -1         0  unknown   \n",
       "11159  cellular   19   aug       156         2     -1         0  unknown   \n",
       "11160  cellular    8   may         9         2    172         5  failure   \n",
       "11161  cellular    9   jul       628         1     -1         0  unknown   \n",
       "\n",
       "      deposit  \n",
       "11157      no  \n",
       "11158      no  \n",
       "11159      no  \n",
       "11160      no  \n",
       "11161      no  "
      ]
     },
     "execution_count": 322,
     "metadata": {},
     "output_type": "execute_result"
    }
   ],
   "source": [
    "df.tail()"
   ]
  },
  {
   "cell_type": "code",
   "execution_count": 323,
   "id": "fc908e74",
   "metadata": {},
   "outputs": [
    {
     "name": "stdout",
     "output_type": "stream",
     "text": [
      "<class 'pandas.core.frame.DataFrame'>\n",
      "RangeIndex: 11162 entries, 0 to 11161\n",
      "Data columns (total 17 columns):\n",
      " #   Column     Non-Null Count  Dtype \n",
      "---  ------     --------------  ----- \n",
      " 0   age        11162 non-null  int64 \n",
      " 1   job        11162 non-null  object\n",
      " 2   marital    11162 non-null  object\n",
      " 3   education  11162 non-null  object\n",
      " 4   default    11162 non-null  object\n",
      " 5   balance    11162 non-null  int64 \n",
      " 6   housing    11162 non-null  object\n",
      " 7   loan       11162 non-null  object\n",
      " 8   contact    11162 non-null  object\n",
      " 9   day        11162 non-null  int64 \n",
      " 10  month      11162 non-null  object\n",
      " 11  duration   11162 non-null  int64 \n",
      " 12  campaign   11162 non-null  int64 \n",
      " 13  pdays      11162 non-null  int64 \n",
      " 14  previous   11162 non-null  int64 \n",
      " 15  poutcome   11162 non-null  object\n",
      " 16  deposit    11162 non-null  object\n",
      "dtypes: int64(7), object(10)\n",
      "memory usage: 1.4+ MB\n"
     ]
    }
   ],
   "source": [
    "df.info()"
   ]
  },
  {
   "cell_type": "code",
   "execution_count": 324,
   "id": "fe29560e",
   "metadata": {},
   "outputs": [
    {
     "data": {
      "text/html": [
       "<div>\n",
       "<style scoped>\n",
       "    .dataframe tbody tr th:only-of-type {\n",
       "        vertical-align: middle;\n",
       "    }\n",
       "\n",
       "    .dataframe tbody tr th {\n",
       "        vertical-align: top;\n",
       "    }\n",
       "\n",
       "    .dataframe thead th {\n",
       "        text-align: right;\n",
       "    }\n",
       "</style>\n",
       "<table border=\"1\" class=\"dataframe\">\n",
       "  <thead>\n",
       "    <tr style=\"text-align: right;\">\n",
       "      <th></th>\n",
       "      <th>age</th>\n",
       "      <th>balance</th>\n",
       "      <th>day</th>\n",
       "      <th>duration</th>\n",
       "      <th>campaign</th>\n",
       "      <th>pdays</th>\n",
       "      <th>previous</th>\n",
       "    </tr>\n",
       "  </thead>\n",
       "  <tbody>\n",
       "    <tr>\n",
       "      <th>count</th>\n",
       "      <td>11162.000000</td>\n",
       "      <td>11162.000000</td>\n",
       "      <td>11162.000000</td>\n",
       "      <td>11162.000000</td>\n",
       "      <td>11162.000000</td>\n",
       "      <td>11162.000000</td>\n",
       "      <td>11162.000000</td>\n",
       "    </tr>\n",
       "    <tr>\n",
       "      <th>mean</th>\n",
       "      <td>41.231948</td>\n",
       "      <td>1528.538524</td>\n",
       "      <td>15.658036</td>\n",
       "      <td>371.993818</td>\n",
       "      <td>2.508421</td>\n",
       "      <td>51.330407</td>\n",
       "      <td>0.832557</td>\n",
       "    </tr>\n",
       "    <tr>\n",
       "      <th>std</th>\n",
       "      <td>11.913369</td>\n",
       "      <td>3225.413326</td>\n",
       "      <td>8.420740</td>\n",
       "      <td>347.128386</td>\n",
       "      <td>2.722077</td>\n",
       "      <td>108.758282</td>\n",
       "      <td>2.292007</td>\n",
       "    </tr>\n",
       "    <tr>\n",
       "      <th>min</th>\n",
       "      <td>18.000000</td>\n",
       "      <td>-6847.000000</td>\n",
       "      <td>1.000000</td>\n",
       "      <td>2.000000</td>\n",
       "      <td>1.000000</td>\n",
       "      <td>-1.000000</td>\n",
       "      <td>0.000000</td>\n",
       "    </tr>\n",
       "    <tr>\n",
       "      <th>25%</th>\n",
       "      <td>32.000000</td>\n",
       "      <td>122.000000</td>\n",
       "      <td>8.000000</td>\n",
       "      <td>138.000000</td>\n",
       "      <td>1.000000</td>\n",
       "      <td>-1.000000</td>\n",
       "      <td>0.000000</td>\n",
       "    </tr>\n",
       "    <tr>\n",
       "      <th>50%</th>\n",
       "      <td>39.000000</td>\n",
       "      <td>550.000000</td>\n",
       "      <td>15.000000</td>\n",
       "      <td>255.000000</td>\n",
       "      <td>2.000000</td>\n",
       "      <td>-1.000000</td>\n",
       "      <td>0.000000</td>\n",
       "    </tr>\n",
       "    <tr>\n",
       "      <th>75%</th>\n",
       "      <td>49.000000</td>\n",
       "      <td>1708.000000</td>\n",
       "      <td>22.000000</td>\n",
       "      <td>496.000000</td>\n",
       "      <td>3.000000</td>\n",
       "      <td>20.750000</td>\n",
       "      <td>1.000000</td>\n",
       "    </tr>\n",
       "    <tr>\n",
       "      <th>max</th>\n",
       "      <td>95.000000</td>\n",
       "      <td>81204.000000</td>\n",
       "      <td>31.000000</td>\n",
       "      <td>3881.000000</td>\n",
       "      <td>63.000000</td>\n",
       "      <td>854.000000</td>\n",
       "      <td>58.000000</td>\n",
       "    </tr>\n",
       "  </tbody>\n",
       "</table>\n",
       "</div>"
      ],
      "text/plain": [
       "                age       balance           day      duration      campaign  \\\n",
       "count  11162.000000  11162.000000  11162.000000  11162.000000  11162.000000   \n",
       "mean      41.231948   1528.538524     15.658036    371.993818      2.508421   \n",
       "std       11.913369   3225.413326      8.420740    347.128386      2.722077   \n",
       "min       18.000000  -6847.000000      1.000000      2.000000      1.000000   \n",
       "25%       32.000000    122.000000      8.000000    138.000000      1.000000   \n",
       "50%       39.000000    550.000000     15.000000    255.000000      2.000000   \n",
       "75%       49.000000   1708.000000     22.000000    496.000000      3.000000   \n",
       "max       95.000000  81204.000000     31.000000   3881.000000     63.000000   \n",
       "\n",
       "              pdays      previous  \n",
       "count  11162.000000  11162.000000  \n",
       "mean      51.330407      0.832557  \n",
       "std      108.758282      2.292007  \n",
       "min       -1.000000      0.000000  \n",
       "25%       -1.000000      0.000000  \n",
       "50%       -1.000000      0.000000  \n",
       "75%       20.750000      1.000000  \n",
       "max      854.000000     58.000000  "
      ]
     },
     "execution_count": 324,
     "metadata": {},
     "output_type": "execute_result"
    }
   ],
   "source": [
    "df.describe()"
   ]
  },
  {
   "cell_type": "code",
   "execution_count": 325,
   "id": "d40cdbf5",
   "metadata": {},
   "outputs": [
    {
     "data": {
      "text/plain": [
       "(11162, 17)"
      ]
     },
     "execution_count": 325,
     "metadata": {},
     "output_type": "execute_result"
    }
   ],
   "source": [
    "df.shape"
   ]
  },
  {
   "cell_type": "code",
   "execution_count": 326,
   "id": "66ce6aec",
   "metadata": {},
   "outputs": [
    {
     "data": {
      "text/plain": [
       "deposit         2\n",
       "loan            2\n",
       "housing         2\n",
       "default         2\n",
       "contact         3\n",
       "marital         3\n",
       "poutcome        4\n",
       "education       4\n",
       "job            12\n",
       "month          12\n",
       "day            31\n",
       "previous       34\n",
       "campaign       36\n",
       "age            76\n",
       "pdays         472\n",
       "duration     1428\n",
       "balance      3805\n",
       "dtype: int64"
      ]
     },
     "execution_count": 326,
     "metadata": {},
     "output_type": "execute_result"
    }
   ],
   "source": [
    "df.nunique().sort_values(ascending=True)"
   ]
  },
  {
   "cell_type": "code",
   "execution_count": 327,
   "id": "61923b78",
   "metadata": {},
   "outputs": [
    {
     "data": {
      "text/plain": [
       "age          0\n",
       "job          0\n",
       "marital      0\n",
       "education    0\n",
       "default      0\n",
       "balance      0\n",
       "housing      0\n",
       "loan         0\n",
       "contact      0\n",
       "day          0\n",
       "month        0\n",
       "duration     0\n",
       "campaign     0\n",
       "pdays        0\n",
       "previous     0\n",
       "poutcome     0\n",
       "deposit      0\n",
       "dtype: int64"
      ]
     },
     "execution_count": 327,
     "metadata": {},
     "output_type": "execute_result"
    }
   ],
   "source": [
    "df.isna().sum()"
   ]
  },
  {
   "cell_type": "code",
   "execution_count": 328,
   "id": "fee69028",
   "metadata": {},
   "outputs": [
    {
     "data": {
      "text/plain": [
       "Index(['age', 'job', 'marital', 'education', 'default', 'balance', 'housing',\n",
       "       'loan', 'contact', 'day', 'month', 'duration', 'campaign', 'pdays',\n",
       "       'previous', 'poutcome', 'deposit'],\n",
       "      dtype='object')"
      ]
     },
     "execution_count": 328,
     "metadata": {},
     "output_type": "execute_result"
    }
   ],
   "source": [
    "df.columns"
   ]
  },
  {
   "cell_type": "code",
   "execution_count": 329,
   "id": "a9df683e",
   "metadata": {},
   "outputs": [],
   "source": [
    "y=df[\"deposit\"]"
   ]
  },
  {
   "cell_type": "code",
   "execution_count": 330,
   "id": "ac5d545d",
   "metadata": {},
   "outputs": [
    {
     "data": {
      "text/plain": [
       "0        yes\n",
       "1        yes\n",
       "2        yes\n",
       "3        yes\n",
       "4        yes\n",
       "        ... \n",
       "11157     no\n",
       "11158     no\n",
       "11159     no\n",
       "11160     no\n",
       "11161     no\n",
       "Name: deposit, Length: 11162, dtype: object"
      ]
     },
     "execution_count": 330,
     "metadata": {},
     "output_type": "execute_result"
    }
   ],
   "source": [
    "y"
   ]
  },
  {
   "cell_type": "code",
   "execution_count": 331,
   "id": "e890d047",
   "metadata": {},
   "outputs": [],
   "source": [
    "x=df.drop(['deposit'],axis=1)"
   ]
  },
  {
   "cell_type": "code",
   "execution_count": 332,
   "id": "912744df",
   "metadata": {},
   "outputs": [],
   "source": [
    "from sklearn.preprocessing import LabelEncoder\n",
    "le=LabelEncoder()\n",
    "y=le.fit_transform(y)\n",
    "x=x.apply(LabelEncoder().fit_transform)"
   ]
  },
  {
   "cell_type": "code",
   "execution_count": 333,
   "id": "cc6564e5",
   "metadata": {},
   "outputs": [
    {
     "data": {
      "text/html": [
       "<div>\n",
       "<style scoped>\n",
       "    .dataframe tbody tr th:only-of-type {\n",
       "        vertical-align: middle;\n",
       "    }\n",
       "\n",
       "    .dataframe tbody tr th {\n",
       "        vertical-align: top;\n",
       "    }\n",
       "\n",
       "    .dataframe thead th {\n",
       "        text-align: right;\n",
       "    }\n",
       "</style>\n",
       "<table border=\"1\" class=\"dataframe\">\n",
       "  <thead>\n",
       "    <tr style=\"text-align: right;\">\n",
       "      <th></th>\n",
       "      <th>age</th>\n",
       "      <th>job</th>\n",
       "      <th>marital</th>\n",
       "      <th>education</th>\n",
       "      <th>default</th>\n",
       "      <th>balance</th>\n",
       "      <th>housing</th>\n",
       "      <th>loan</th>\n",
       "      <th>contact</th>\n",
       "      <th>day</th>\n",
       "      <th>month</th>\n",
       "      <th>duration</th>\n",
       "      <th>campaign</th>\n",
       "      <th>pdays</th>\n",
       "      <th>previous</th>\n",
       "      <th>poutcome</th>\n",
       "    </tr>\n",
       "  </thead>\n",
       "  <tbody>\n",
       "    <tr>\n",
       "      <th>age</th>\n",
       "      <td>1.000000</td>\n",
       "      <td>-0.031616</td>\n",
       "      <td>-0.442829</td>\n",
       "      <td>-0.126086</td>\n",
       "      <td>-0.011421</td>\n",
       "      <td>0.138945</td>\n",
       "      <td>-0.168690</td>\n",
       "      <td>-0.031407</td>\n",
       "      <td>0.027776</td>\n",
       "      <td>-0.000782</td>\n",
       "      <td>-0.026105</td>\n",
       "      <td>0.000049</td>\n",
       "      <td>-0.005842</td>\n",
       "      <td>0.002171</td>\n",
       "      <td>0.022643</td>\n",
       "      <td>-0.002701</td>\n",
       "    </tr>\n",
       "    <tr>\n",
       "      <th>job</th>\n",
       "      <td>-0.031616</td>\n",
       "      <td>1.000000</td>\n",
       "      <td>0.078314</td>\n",
       "      <td>0.147046</td>\n",
       "      <td>-0.007066</td>\n",
       "      <td>0.041978</td>\n",
       "      <td>-0.136965</td>\n",
       "      <td>-0.067092</td>\n",
       "      <td>-0.087915</td>\n",
       "      <td>0.026589</td>\n",
       "      <td>-0.076011</td>\n",
       "      <td>0.004349</td>\n",
       "      <td>0.004164</td>\n",
       "      <td>-0.005552</td>\n",
       "      <td>0.012983</td>\n",
       "      <td>-0.004238</td>\n",
       "    </tr>\n",
       "    <tr>\n",
       "      <th>marital</th>\n",
       "      <td>-0.442829</td>\n",
       "      <td>0.078314</td>\n",
       "      <td>1.000000</td>\n",
       "      <td>0.125845</td>\n",
       "      <td>-0.014691</td>\n",
       "      <td>0.002412</td>\n",
       "      <td>-0.036345</td>\n",
       "      <td>-0.062029</td>\n",
       "      <td>-0.060456</td>\n",
       "      <td>-0.003642</td>\n",
       "      <td>-0.004070</td>\n",
       "      <td>0.008605</td>\n",
       "      <td>-0.031068</td>\n",
       "      <td>0.031396</td>\n",
       "      <td>0.032948</td>\n",
       "      <td>-0.039424</td>\n",
       "    </tr>\n",
       "    <tr>\n",
       "      <th>education</th>\n",
       "      <td>-0.126086</td>\n",
       "      <td>0.147046</td>\n",
       "      <td>0.125845</td>\n",
       "      <td>1.000000</td>\n",
       "      <td>-0.010709</td>\n",
       "      <td>0.068981</td>\n",
       "      <td>-0.109168</td>\n",
       "      <td>-0.073154</td>\n",
       "      <td>-0.132540</td>\n",
       "      <td>0.016759</td>\n",
       "      <td>-0.055868</td>\n",
       "      <td>-0.016569</td>\n",
       "      <td>-0.007665</td>\n",
       "      <td>0.021436</td>\n",
       "      <td>0.026279</td>\n",
       "      <td>-0.040262</td>\n",
       "    </tr>\n",
       "    <tr>\n",
       "      <th>default</th>\n",
       "      <td>-0.011421</td>\n",
       "      <td>-0.007066</td>\n",
       "      <td>-0.014691</td>\n",
       "      <td>-0.010709</td>\n",
       "      <td>1.000000</td>\n",
       "      <td>-0.111444</td>\n",
       "      <td>0.011076</td>\n",
       "      <td>0.076434</td>\n",
       "      <td>0.035709</td>\n",
       "      <td>0.017342</td>\n",
       "      <td>0.000950</td>\n",
       "      <td>-0.007812</td>\n",
       "      <td>0.032001</td>\n",
       "      <td>-0.035981</td>\n",
       "      <td>-0.037036</td>\n",
       "      <td>0.042357</td>\n",
       "    </tr>\n",
       "    <tr>\n",
       "      <th>balance</th>\n",
       "      <td>0.138945</td>\n",
       "      <td>0.041978</td>\n",
       "      <td>0.002412</td>\n",
       "      <td>0.068981</td>\n",
       "      <td>-0.111444</td>\n",
       "      <td>1.000000</td>\n",
       "      <td>-0.101124</td>\n",
       "      <td>-0.129000</td>\n",
       "      <td>-0.045555</td>\n",
       "      <td>0.008581</td>\n",
       "      <td>0.025419</td>\n",
       "      <td>0.041957</td>\n",
       "      <td>-0.039625</td>\n",
       "      <td>0.034184</td>\n",
       "      <td>0.062488</td>\n",
       "      <td>-0.055544</td>\n",
       "    </tr>\n",
       "    <tr>\n",
       "      <th>housing</th>\n",
       "      <td>-0.168690</td>\n",
       "      <td>-0.136965</td>\n",
       "      <td>-0.036345</td>\n",
       "      <td>-0.109168</td>\n",
       "      <td>0.011076</td>\n",
       "      <td>-0.101124</td>\n",
       "      <td>1.000000</td>\n",
       "      <td>0.076761</td>\n",
       "      <td>0.226392</td>\n",
       "      <td>-0.014770</td>\n",
       "      <td>0.219602</td>\n",
       "      <td>0.033603</td>\n",
       "      <td>0.005053</td>\n",
       "      <td>0.071124</td>\n",
       "      <td>-0.003586</td>\n",
       "      <td>-0.046370</td>\n",
       "    </tr>\n",
       "    <tr>\n",
       "      <th>loan</th>\n",
       "      <td>-0.031407</td>\n",
       "      <td>-0.067092</td>\n",
       "      <td>-0.062029</td>\n",
       "      <td>-0.073154</td>\n",
       "      <td>0.076434</td>\n",
       "      <td>-0.129000</td>\n",
       "      <td>0.076761</td>\n",
       "      <td>1.000000</td>\n",
       "      <td>0.006829</td>\n",
       "      <td>0.017269</td>\n",
       "      <td>0.025329</td>\n",
       "      <td>-0.006501</td>\n",
       "      <td>0.035491</td>\n",
       "      <td>-0.029056</td>\n",
       "      <td>-0.027478</td>\n",
       "      <td>0.026344</td>\n",
       "    </tr>\n",
       "    <tr>\n",
       "      <th>contact</th>\n",
       "      <td>0.027776</td>\n",
       "      <td>-0.087915</td>\n",
       "      <td>-0.060456</td>\n",
       "      <td>-0.132540</td>\n",
       "      <td>0.035709</td>\n",
       "      <td>-0.045555</td>\n",
       "      <td>0.226392</td>\n",
       "      <td>0.006829</td>\n",
       "      <td>1.000000</td>\n",
       "      <td>0.007943</td>\n",
       "      <td>0.289803</td>\n",
       "      <td>-0.028783</td>\n",
       "      <td>0.058695</td>\n",
       "      <td>-0.231663</td>\n",
       "      <td>-0.179922</td>\n",
       "      <td>0.257993</td>\n",
       "    </tr>\n",
       "    <tr>\n",
       "      <th>day</th>\n",
       "      <td>-0.000782</td>\n",
       "      <td>0.026589</td>\n",
       "      <td>-0.003642</td>\n",
       "      <td>0.016759</td>\n",
       "      <td>0.017342</td>\n",
       "      <td>0.008581</td>\n",
       "      <td>-0.014770</td>\n",
       "      <td>0.017269</td>\n",
       "      <td>0.007943</td>\n",
       "      <td>1.000000</td>\n",
       "      <td>-0.019840</td>\n",
       "      <td>-0.022901</td>\n",
       "      <td>0.139886</td>\n",
       "      <td>-0.079644</td>\n",
       "      <td>-0.060488</td>\n",
       "      <td>0.080221</td>\n",
       "    </tr>\n",
       "    <tr>\n",
       "      <th>month</th>\n",
       "      <td>-0.026105</td>\n",
       "      <td>-0.076011</td>\n",
       "      <td>-0.004070</td>\n",
       "      <td>-0.055868</td>\n",
       "      <td>0.000950</td>\n",
       "      <td>0.025419</td>\n",
       "      <td>0.219602</td>\n",
       "      <td>0.025329</td>\n",
       "      <td>0.289803</td>\n",
       "      <td>-0.019840</td>\n",
       "      <td>1.000000</td>\n",
       "      <td>-0.009703</td>\n",
       "      <td>-0.101554</td>\n",
       "      <td>0.030870</td>\n",
       "      <td>0.030317</td>\n",
       "      <td>-0.042456</td>\n",
       "    </tr>\n",
       "    <tr>\n",
       "      <th>duration</th>\n",
       "      <td>0.000049</td>\n",
       "      <td>0.004349</td>\n",
       "      <td>0.008605</td>\n",
       "      <td>-0.016569</td>\n",
       "      <td>-0.007812</td>\n",
       "      <td>0.041957</td>\n",
       "      <td>0.033603</td>\n",
       "      <td>-0.006501</td>\n",
       "      <td>-0.028783</td>\n",
       "      <td>-0.022901</td>\n",
       "      <td>-0.009703</td>\n",
       "      <td>1.000000</td>\n",
       "      <td>-0.048099</td>\n",
       "      <td>-0.020680</td>\n",
       "      <td>-0.026272</td>\n",
       "      <td>0.038802</td>\n",
       "    </tr>\n",
       "    <tr>\n",
       "      <th>campaign</th>\n",
       "      <td>-0.005842</td>\n",
       "      <td>0.004164</td>\n",
       "      <td>-0.031068</td>\n",
       "      <td>-0.007665</td>\n",
       "      <td>0.032001</td>\n",
       "      <td>-0.039625</td>\n",
       "      <td>0.005053</td>\n",
       "      <td>0.035491</td>\n",
       "      <td>0.058695</td>\n",
       "      <td>0.139886</td>\n",
       "      <td>-0.101554</td>\n",
       "      <td>-0.048099</td>\n",
       "      <td>1.000000</td>\n",
       "      <td>-0.103084</td>\n",
       "      <td>-0.053978</td>\n",
       "      <td>0.114204</td>\n",
       "    </tr>\n",
       "    <tr>\n",
       "      <th>pdays</th>\n",
       "      <td>0.002171</td>\n",
       "      <td>-0.005552</td>\n",
       "      <td>0.031396</td>\n",
       "      <td>0.021436</td>\n",
       "      <td>-0.035981</td>\n",
       "      <td>0.034184</td>\n",
       "      <td>0.071124</td>\n",
       "      <td>-0.029056</td>\n",
       "      <td>-0.231663</td>\n",
       "      <td>-0.079644</td>\n",
       "      <td>0.030870</td>\n",
       "      <td>-0.020680</td>\n",
       "      <td>-0.103084</td>\n",
       "      <td>1.000000</td>\n",
       "      <td>0.523273</td>\n",
       "      <td>-0.813351</td>\n",
       "    </tr>\n",
       "    <tr>\n",
       "      <th>previous</th>\n",
       "      <td>0.022643</td>\n",
       "      <td>0.012983</td>\n",
       "      <td>0.032948</td>\n",
       "      <td>0.026279</td>\n",
       "      <td>-0.037036</td>\n",
       "      <td>0.062488</td>\n",
       "      <td>-0.003586</td>\n",
       "      <td>-0.027478</td>\n",
       "      <td>-0.179922</td>\n",
       "      <td>-0.060488</td>\n",
       "      <td>0.030317</td>\n",
       "      <td>-0.026272</td>\n",
       "      <td>-0.053978</td>\n",
       "      <td>0.523273</td>\n",
       "      <td>1.000000</td>\n",
       "      <td>-0.577480</td>\n",
       "    </tr>\n",
       "    <tr>\n",
       "      <th>poutcome</th>\n",
       "      <td>-0.002701</td>\n",
       "      <td>-0.004238</td>\n",
       "      <td>-0.039424</td>\n",
       "      <td>-0.040262</td>\n",
       "      <td>0.042357</td>\n",
       "      <td>-0.055544</td>\n",
       "      <td>-0.046370</td>\n",
       "      <td>0.026344</td>\n",
       "      <td>0.257993</td>\n",
       "      <td>0.080221</td>\n",
       "      <td>-0.042456</td>\n",
       "      <td>0.038802</td>\n",
       "      <td>0.114204</td>\n",
       "      <td>-0.813351</td>\n",
       "      <td>-0.577480</td>\n",
       "      <td>1.000000</td>\n",
       "    </tr>\n",
       "  </tbody>\n",
       "</table>\n",
       "</div>"
      ],
      "text/plain": [
       "                age       job   marital  education   default   balance  \\\n",
       "age        1.000000 -0.031616 -0.442829  -0.126086 -0.011421  0.138945   \n",
       "job       -0.031616  1.000000  0.078314   0.147046 -0.007066  0.041978   \n",
       "marital   -0.442829  0.078314  1.000000   0.125845 -0.014691  0.002412   \n",
       "education -0.126086  0.147046  0.125845   1.000000 -0.010709  0.068981   \n",
       "default   -0.011421 -0.007066 -0.014691  -0.010709  1.000000 -0.111444   \n",
       "balance    0.138945  0.041978  0.002412   0.068981 -0.111444  1.000000   \n",
       "housing   -0.168690 -0.136965 -0.036345  -0.109168  0.011076 -0.101124   \n",
       "loan      -0.031407 -0.067092 -0.062029  -0.073154  0.076434 -0.129000   \n",
       "contact    0.027776 -0.087915 -0.060456  -0.132540  0.035709 -0.045555   \n",
       "day       -0.000782  0.026589 -0.003642   0.016759  0.017342  0.008581   \n",
       "month     -0.026105 -0.076011 -0.004070  -0.055868  0.000950  0.025419   \n",
       "duration   0.000049  0.004349  0.008605  -0.016569 -0.007812  0.041957   \n",
       "campaign  -0.005842  0.004164 -0.031068  -0.007665  0.032001 -0.039625   \n",
       "pdays      0.002171 -0.005552  0.031396   0.021436 -0.035981  0.034184   \n",
       "previous   0.022643  0.012983  0.032948   0.026279 -0.037036  0.062488   \n",
       "poutcome  -0.002701 -0.004238 -0.039424  -0.040262  0.042357 -0.055544   \n",
       "\n",
       "            housing      loan   contact       day     month  duration  \\\n",
       "age       -0.168690 -0.031407  0.027776 -0.000782 -0.026105  0.000049   \n",
       "job       -0.136965 -0.067092 -0.087915  0.026589 -0.076011  0.004349   \n",
       "marital   -0.036345 -0.062029 -0.060456 -0.003642 -0.004070  0.008605   \n",
       "education -0.109168 -0.073154 -0.132540  0.016759 -0.055868 -0.016569   \n",
       "default    0.011076  0.076434  0.035709  0.017342  0.000950 -0.007812   \n",
       "balance   -0.101124 -0.129000 -0.045555  0.008581  0.025419  0.041957   \n",
       "housing    1.000000  0.076761  0.226392 -0.014770  0.219602  0.033603   \n",
       "loan       0.076761  1.000000  0.006829  0.017269  0.025329 -0.006501   \n",
       "contact    0.226392  0.006829  1.000000  0.007943  0.289803 -0.028783   \n",
       "day       -0.014770  0.017269  0.007943  1.000000 -0.019840 -0.022901   \n",
       "month      0.219602  0.025329  0.289803 -0.019840  1.000000 -0.009703   \n",
       "duration   0.033603 -0.006501 -0.028783 -0.022901 -0.009703  1.000000   \n",
       "campaign   0.005053  0.035491  0.058695  0.139886 -0.101554 -0.048099   \n",
       "pdays      0.071124 -0.029056 -0.231663 -0.079644  0.030870 -0.020680   \n",
       "previous  -0.003586 -0.027478 -0.179922 -0.060488  0.030317 -0.026272   \n",
       "poutcome  -0.046370  0.026344  0.257993  0.080221 -0.042456  0.038802   \n",
       "\n",
       "           campaign     pdays  previous  poutcome  \n",
       "age       -0.005842  0.002171  0.022643 -0.002701  \n",
       "job        0.004164 -0.005552  0.012983 -0.004238  \n",
       "marital   -0.031068  0.031396  0.032948 -0.039424  \n",
       "education -0.007665  0.021436  0.026279 -0.040262  \n",
       "default    0.032001 -0.035981 -0.037036  0.042357  \n",
       "balance   -0.039625  0.034184  0.062488 -0.055544  \n",
       "housing    0.005053  0.071124 -0.003586 -0.046370  \n",
       "loan       0.035491 -0.029056 -0.027478  0.026344  \n",
       "contact    0.058695 -0.231663 -0.179922  0.257993  \n",
       "day        0.139886 -0.079644 -0.060488  0.080221  \n",
       "month     -0.101554  0.030870  0.030317 -0.042456  \n",
       "duration  -0.048099 -0.020680 -0.026272  0.038802  \n",
       "campaign   1.000000 -0.103084 -0.053978  0.114204  \n",
       "pdays     -0.103084  1.000000  0.523273 -0.813351  \n",
       "previous  -0.053978  0.523273  1.000000 -0.577480  \n",
       "poutcome   0.114204 -0.813351 -0.577480  1.000000  "
      ]
     },
     "execution_count": 333,
     "metadata": {},
     "output_type": "execute_result"
    }
   ],
   "source": [
    "x.corr()"
   ]
  },
  {
   "cell_type": "code",
   "execution_count": 334,
   "id": "db81f258",
   "metadata": {},
   "outputs": [
    {
     "data": {
      "text/plain": [
       "<Axes: >"
      ]
     },
     "execution_count": 334,
     "metadata": {},
     "output_type": "execute_result"
    },
    {
     "data": {
